function [ a ] = getalpha( lambda )
A=[0.0006,0.9999,0.0006,0.0000;
0.0006,0.9999,0.0006,0.0000;
0.0007,0.9999,0.0007,0.0000;
0.0007,0.9999,0.0007,0.0000;
0.0007,0.9999,0.0007,0.0000;
0.0007,0.9999,0.0007,0.0000;
0.0007,0.9999,0.0007,0.0000;
0.0007,0.9999,0.0007,0.0000;
0.0008,0.9999,0.0008,0.0000;
0.0008,0.9998,0.0008,0.0000;
0.0008,0.9998,0.0008,0.0000;
0.0008,0.9998,0.0008,0.0000;
0.0008,0.9998,0.0008,0.0000;
0.0008,0.9998,0.0008,0.0000;
0.0009,0.9998,0.0009,0.0000;
0.0009,0.9998,0.0009,0.0000;
0.0009,0.9998,0.0009,0.0000;
0.0009,0.9998,0.0009,0.0000;
0.0010,0.9997,0.0010,0.0000;
0.0010,0.9997,0.0010,0.0000;
0.0010,0.9997,0.0010,0.0000;
0.0010,0.9997,0.0010,0.0000;
0.0011,0.9997,0.0011,0.0000;
0.0011,0.9997,0.0011,0.0000;
0.0011,0.9996,0.0011,0.0000;
0.0011,0.9996,0.0011,0.0000;
0.0012,0.9996,0.0012,0.0000;
0.0012,0.9996,0.0012,0.0000;
0.0012,0.9996,0.0012,0.0000;
0.0013,0.9995,0.0013,0.0000;
0.0013,0.9995,0.0013,0.0000;
0.0013,0.9995,0.0013,0.0000;
0.0013,0.9995,0.0013,0.0000;
0.0014,0.9994,0.0014,0.0001;
0.0014,0.9994,0.0014,0.0001;
0.0014,0.9994,0.0014,0.0001;
0.0015,0.9994,0.0015,0.0001;
0.0015,0.9993,0.0015,0.0001;
0.0016,0.9993,0.0016,0.0001;
0.0016,0.9993,0.0016,0.0001;
0.0016,0.9992,0.0016,0.0001;
0.0017,0.9992,0.0017,0.0001;
0.0017,0.9991,0.0017,0.0001;
0.0018,0.9991,0.0018,0.0001;
0.0018,0.9990,0.0018,0.0001;
0.0018,0.9990,0.0018,0.0001;
0.0019,0.9989,0.0019,0.0002;
0.0019,0.9989,0.0019,0.0002;
0.0020,0.9988,0.0020,0.0002;
0.0020,0.9988,0.0020,0.0002;
0.0021,0.9987,0.0021,0.0002;
0.0021,0.9987,0.0021,0.0002;
0.0022,0.9986,0.0022,0.0003;
0.0022,0.9985,0.0022,0.0003;
0.0023,0.9984,0.0023,0.0003;
0.0023,0.9836,0.0023,0.0003;
0.0024,0.9983,0.0024,0.0004;
0.0025,0.9982,0.0025,0.0004;
0.0025,0.9981,0.0025,0.0004;
0.0026,0.9980,0.0026,0.0005;
0.0026,0.9979,0.0026,0.0005;
0.0027,0.9978,0.0027,0.0006;
0.0028,0.9977,0.0028,0.0006;
0.0028,0.9976,0.0028,0.0007;
0.0029,0.9975,0.0029,0.0007;
0.0030,0.9973,0.0030,0.0008;
0.0031,0.9972,0.0031,0.0009;
0.0031,0.9971,0.0031,0.0009;
0.0032,0.9970,0.0032,0.0010;
0.0033,0.9968,0.0033,0.0011;
0.0034,0.9967,0.0034,0.0012;
0.0035,0.9965,0.0035,0.0013;
0.0035,0.9964,0.0035,0.0014;
0.0036,0.9962,0.0036,0.0015;
0.0037,0.9960,0.0037,0.0017;
0.0038,0.9959,0.0038,0.0018;
0.0039,0.9957,0.0039,0.0019;
0.0040,0.9955,0.0040,0.0021;
0.0041,0.9953,0.0041,0.0023;
0.0042,0.9951,0.0042,0.0025;
0.0043,0.9949,0.0043,0.0027;
0.0044,0.9947,0.0044,0.0029;
0.0045,0.9945,0.0045,0.0031;
0.0046,0.9943,0.0046,0.0034;
0.0047,0.9940,0.0047,0.0037;
0.0048,0.9938,0.0048,0.0039;
0.0050,0.9936,0.0050,0.0042;
0.0051,0.9934,0.0051,0.0046;
0.0052,0.9932,0.0052,0.0049;
0.0053,0.9930,0.0053,0.0053;
0.0055,0.9928,0.0055,0.0057;
0.0056,0.9925,0.0056,0.0062;
0.0057,0.9924,0.0057,0.0066;
0.0059,0.9922,0.0059,0.0071;
0.0060,0.9921,0.0060,0.0076;
0.0062,0.9919,0.0062,0.0082;
0.0063,0.9918,0.0063,0.0088;
0.0065,0.9917,0.0065,0.0095;
0.0066,0.9917,0.0066,0.0100;
0.0068,0.9916,0.0068,0.0107;
0.0070,0.9916,0.0070,0.0114;
0.0071,0.9917,0.0071,0.0112;
0.0073,0.9918,0.0073,0.0128;
0.0075,0.9923,0.0075,0.0145;
0.0077,0.9923,0.0077,0.0145;
0.0078,0.9929,0.0078,0.0152;
0.0081,0.9934,0.0081,0.0157;
0.0083,0.9938,0.0083,0.0162;
0.0084,0.9941,0.0084,0.0166;
0.0087,0.9946,0.0087,0.0172;
0.0089,0.9950,0.0089,0.0177;
0.0091,0.9955,0.0091,0.0183;
0.0093,0.9959,0.0093,0.0188;
0.0095,0.9964,0.0095,0.0194;
0.0098,0.9970,0.0098,0.0200;
0.0100,0.9977,0.0100,0.0206;
0.0103,0.9986,0.0103,0.0212;
0.0105,0.9996,0.0105,0.0219;
0.0108,1.0008,0.0108,0.0226;
0.0111,1.0024,0.0111,0.0233;
0.0113,1.0039,0.0113,0.0239;
0.0116,1.0070,0.0116,0.0247;
0.0119,1.0132,0.0119,0.0256;
0.0122,1.0241,0.0122,0.0262;
0.0122,1.0250,0.0122,0.0240;
0.0123,1.0300,0.0123,0.0050;
0.0124,1.0320,0.0124,0.0015;
0.0125,1.0340,0.0125,0.0010;
0.0126,1.0340,0.0126,0.0010;
0.0128,1.0340,0.0128,0.0011;
0.0130,1.0300,0.0130,0.0011;
0.0132,1.0220,0.0132,0.0012;
0.0136,1.0080,0.0136,0.0013;
0.0140,1.0000,0.0140,0.0014;
0.0150,0.9930,0.0150,0.0018;
0.0160,0.9910,0.0160,0.0022;
0.0170,0.9880,0.0170,0.0025;
0.0180,0.9850,0.0180,0.0030;
0.0190,0.9820,0.0190,0.0034;
0.0200,0.9780,0.0200,0.0039;
0.0210,0.9760,0.0210,0.0044;
0.0220,0.9720,0.0220,0.0050;
0.0230,0.9680,0.0230,0.0055;
0.0240,0.9640,0.0240,0.0061;
0.0250,0.9600,0.0250,0.0067;
0.0260,0.9560,0.0260,0.0073;
0.0270,0.9520,0.0270,0.0078;
0.0280,0.9470,0.0280,0.0084;
0.0290,0.9420,0.0290,0.0090;
0.0300,0.9370,0.0300,0.0095;
0.0310,0.9300,0.0310,0.0100;
0.0320,0.9250,0.0320,0.0104;
0.0330,0.9180,0.0330,0.0100;
0.0340,0.9130,0.0340,0.0113;
0.0350,0.9060,0.0350,0.0117;
0.0360,0.8990,0.0360,0.0121;
0.0370,0.8930,0.0370,0.0124;
0.0380,0.8850,0.0380,0.0128;
0.0390,0.8770,0.0390,0.0132;
0.0400,0.8690,0.0400,0.0135;
0.0410,0.8600,0.0410,0.0138;
0.0420,0.8530,0.0420,0.0142;
0.0430,0.8430,0.0430,0.0147;
0.0440,0.8340,0.0440,0.0152;
0.0450,0.8240,0.0450,0.0158;
0.0460,0.8140,0.0460,0.0168;
0.0470,0.8030,0.0470,0.0178;
0.0480,0.7920,0.0480,0.0192;
0.0490,0.7780,0.0490,0.0205;
0.0500,0.7660,0.0500,0.0223;
0.0510,0.7520,0.0510,0.0243;
0.0520,0.7370,0.0520,0.0264;
0.0530,0.7220,0.0530,0.0292;
0.0540,0.7060,0.0540,0.0325;
0.0550,0.6910,0.0550,0.0365;
0.0560,0.6750,0.0560,0.0405;
0.0570,0.6590,0.0570,0.0455;
0.0580,0.6440,0.0580,0.0510;
0.0590,0.6270,0.0590,0.0580;
0.0600,0.6100,0.0600,0.0650;
0.0610,0.5900,0.0610,0.0740;
0.0620,0.5670,0.0620,0.0835;
0.0630,0.5490,0.0630,0.0930;
0.0636,0.5420,0.0636,0.1400;
0.0640,0.5300,0.0640,0.1000;
0.0650,0.5130,0.0650,0.1130;
0.0653,0.5140,0.0653,0.1630;
0.0670,0.4850,0.0670,0.1890;
0.0689,0.4550,0.0689,0.2190;
0.0698,0.4400,0.0698,0.2370;
0.0708,0.4260,0.0708,0.2550;
0.0719,0.4110,0.0719,0.2750;
0.0729,0.3970,0.0729,0.2960;
0.0738,0.3860,0.0738,0.3140;
0.0742,0.3790,0.0742,0.3230;
0.0747,0.3740,0.0747,0.3330;
0.0751,0.3690,0.0751,0.3420;
0.0763,0.3570,0.0763,0.3670;
0.0775,0.3450,0.0775,0.3940;
0.0787,0.3330,0.0787,0.4210;
0.0800,0.3230,0.0800,0.4500;
0.0813,0.3130,0.0813,0.4790;
0.0827,0.3040,0.0827,0.5100;
0.0841,0.2960,0.0841,0.5410;
0.0855,0.2880,0.0855,0.5730;
0.0870,0.2810,0.0870,0.6070;
0.0886,0.2750,0.0886,0.6410;
0.0902,0.2690,0.0902,0.6770;
0.0918,0.2650,0.0918,0.7140;
0.0936,0.2610,0.0936,0.7520;
0.0954,0.2580,0.0954,0.7920;
0.0972,0.2560,0.0972,0.8330;
0.0992,0.2550,0.0992,0.8750;
0.1012,0.2560,0.1012,0.9180;
0.1033,0.2570,0.1033,0.9630;
0.1055,0.2590,0.1055,1.0100;
0.1078,0.2630,0.1078,1.0600;
0.1102,0.2670,0.1102,1.1100;
0.1127,0.2720,0.1127,1.1600;
0.1153,0.2780,0.1153,1.2100;
0.1181,0.2860,0.1181,1.2600;
0.1210,0.2950,0.1210,1.3200;
0.1240,0.3060,0.1240,1.3800;
0.1272,0.3180,0.1272,1.4500;
0.1305,0.3320,0.1305,1.5100;
0.1340,0.3480,0.1340,1.5800;
0.1378,0.3670,0.1378,1.6600;
0.1417,0.3890,0.1417,1.7300;
0.1459,0.4140,0.1459,1.8200;
0.1503,0.4440,0.1503,1.9000;
0.1550,0.4780,0.1550,2.0000;
0.1600,0.5170,0.1600,2.1000;
0.1653,0.5630,0.1653,2.2100;
0.1710,0.6180,0.1710,2.3200;
0.1771,0.6820,0.1771,2.4500;
0.1837,0.7560,0.1837,2.5800;
0.1907,0.8470,0.1907,2.7300;
0.1984,0.9680,0.1984,2.8900;
0.2066,1.0100,0.2066,2.9090;
0.2073,1.0360,0.2073,2.9280;
0.2080,1.0460,0.2080,2.9440;
0.2087,1.0660,0.2087,2.9370;
0.2094,1.0700,0.2094,2.9630;
0.2101,1.0830,0.2101,2.9820;
0.2109,1.0880,0.2109,2.9870;
0.2116,1.1020,0.2116,3.0050;
0.2123,1.1090,0.2123,3.0150;
0.2130,1.1190,0.2130,3.0250;
0.2138,1.1330,0.2138,3.0450;
0.2145,1.1390,0.2145,3.0610;
0.2153,1.1550,0.2153,3.0730;
0.2160,1.1640,0.2160,3.0860;
0.2168,1.1750,0.2168,3.1020;
0.2175,1.1800,0.2175,3.1120;
0.2183,1.1950,0.2183,3.1350;
0.2191,1.2110,0.2191,3.1500;
0.2198,1.2220,0.2198,3.1690;
0.2206,1.2350,0.2206,3.1900;
0.2214,1.2470,0.2214,3.2060;
0.2222,1.2650,0.2222,3.2280;
0.2230,1.2800,0.2230,3.2450;
0.2238,1.2990,0.2238,3.2670;
0.2246,1.3190,0.2246,3.2850;
0.2254,1.3400,0.2254,3.3020;
0.2263,1.3620,0.2263,3.3190;
